0 0.223805 0.076132 0.320434 0.070283 0.336943 0.155201 0.240314 0.161050
0 0.288749 0.222172 0.383393 0.215813 0.400354 0.294413 0.305710 0.300772
1 0.364530 0.400418 0.447733 0.421103 0.389993 0.493417 0.306790 0.472732
2 0.540974 0.485638 0.624188 0.514486 0.544391 0.586155 0.461177 0.557307
2 0.625900 0.435975 0.703879 0.403245 0.823951 0.492317 0.745972 0.525047
1 0.140008 0.488064 0.217460 0.476081 0.242399 0.526271 0.164947 0.538254
2 0.390059 0.683484 0.498208 0.631000 0.576296 0.681101 0.468147 0.733585
3 0.697133 0.683000 0.833833 0.728449 0.768287 0.789834 0.631587 0.744385
0 0.450574 0.254341 0.668914 0.294520 0.638838 0.345409 0.420498 0.305230
3 0.228941 0.832757 0.279570 0.853000 0.195790 0.918243 0.145161 0.898000
