3 0.612216 0.055614 0.779570 0.052000 0.787783 0.170428 0.620429 0.174042
0 0.535842 0.285000 0.589046 0.318313 0.415559 0.404584 0.362355 0.371271
1 0.659099 0.303402 0.757492 0.359122 0.691377 0.395474 0.592984 0.339754
2 0.577089 0.479758 0.682372 0.407982 0.779921 0.452534 0.674638 0.524310
2 0.511951 0.401814 0.587163 0.434151 0.441321 0.539769 0.366109 0.507432
2 0.474535 0.533334 0.590423 0.533334 0.590423 0.593750 0.474535 0.593750
3 0.658575 0.527529 0.799631 0.558224 0.756069 0.620555 0.615013 0.589860
3 0.441337 0.607965 0.556838 0.637567 0.511935 0.692119 0.396434 0.662517
1 0.635205 0.635417 0.751093 0.635417 0.751093 0.703125 0.635205 0.703125
0 0.390423 0.828084 0.437151 0.828084 0.437151 0.851000 0.390423 0.851000
2 0.039175 0.821834 0.250391 0.821834 0.250391 0.929000 0.039175 0.929000
3 0.557074 0.829488 0.661118 0.860260 0.613502 0.910387 0.509458 0.879615
3 0.428315 0.887000 0.482079 0.887000 0.482079 0.915000 0.428315 0.915000
