2 0.342527 0.316932 0.446237 0.272000 0.534109 0.335152 0.430399 0.380084
0 0.579805 0.300712 0.625448 0.265000 0.777051 0.325330 0.731408 0.361042
2 0.702551 0.347987 0.766999 0.383969 0.682495 0.431097 0.618047 0.395115
2 0.574327 0.325801 0.625271 0.353715 0.541561 0.401283 0.490617 0.373369
1 0.349301 0.366626 0.416591 0.366626 0.416591 0.418000 0.349301 0.418000
1 0.442991 0.404167 0.545795 0.404167 0.545795 0.441667 0.442991 0.441667
1 0.697957 0.414716 0.772993 0.439121 0.707188 0.502118 0.632152 0.477713
3 0.687851 0.487501 0.783177 0.487501 0.783177 0.534376 0.687851 0.534376
1 0.788190 0.581771 0.723199 0.597761 0.691567 0.557729 0.756558 0.541739
1 0.533721 0.467922 0.602134 0.462267 0.627027 0.556036 0.558614 0.561691
2 0.395902 0.434959 0.484276 0.473037 0.405968 0.529625 0.317594 0.491547
2 0.399642 0.542000 0.517406 0.589640 0.434002 0.653834 0.316238 0.606194
2 0.567239 0.584686 0.609472 0.599363 0.552233 0.650647 0.510000 0.635970
3 0.687851 0.603125 0.773832 0.603125 0.773832 0.653125 0.687851 0.653125
1 0.630875 0.662781 0.688618 0.649422 0.742957 0.722553 0.685214 0.735912
2 0.553028 0.677005 0.618494 0.666051 0.661926 0.746871 0.596460 0.757825
0 0.329440 0.702987 0.370968 0.667000 0.547967 0.730597 0.506439 0.766584
