2 0.616114 0.301640 0.590015 0.135167 0.740903 0.060270 0.767002 0.226743
2 0.291126 0.065192 0.367000 0.080071 0.353516 0.297772 0.277642 0.282893
2 0.361716 0.379555 0.404054 0.325973 0.493159 0.548888 0.450821 0.602470
3 0.680682 0.591007 0.743291 0.573849 0.754548 0.703906 0.691939 0.721064
2 0.322432 0.415200 0.403091 0.491752 0.355705 0.649830 0.275046 0.573278
0 0.406246 0.217998 0.486880 0.187097 0.509069 0.370417 0.428435 0.401318
0 0.477006 0.408590 0.527170 0.305947 0.695354 0.566189 0.645190 0.668832
2 0.769468 0.006582 0.899792 0.021099 0.887940 0.357947 0.757616 0.343430
0 0.613641 0.223401 0.670770 0.320852 0.599657 0.452843 0.542528 0.355392
3 0.777238 0.401305 0.831115 0.409023 0.812862 0.812431 0.758985 0.804713
