2 0.322747 0.611306 0.424496 0.584445 0.516294 0.692716 0.414545 0.719577
1 0.563716 0.682963 0.669283 0.637057 0.781976 0.717748 0.676409 0.763654
0 0.328894 0.316074 0.402812 0.288781 0.552645 0.415131 0.478727 0.442424
1 0.490143 0.608263 0.538449 0.534817 0.625476 0.552639 0.577170 0.626085
3 0.520496 0.324552 0.496340 0.292695 0.563216 0.276906 0.587372 0.308763
3 0.272934 0.823197 0.309429 0.809245 0.339696 0.833897 0.303201 0.847849
1 0.652466 0.527016 0.709387 0.452560 0.792511 0.472347 0.735590 0.546803
3 0.593352 0.455302 0.591367 0.434536 0.631027 0.433355 0.633012 0.454121
3 0.559595 0.382326 0.688070 0.294391 0.801728 0.346095 0.673253 0.434030
3 0.073871 0.753020 0.117831 0.732375 0.153752 0.756191 0.109792 0.776836
3 0.513357 0.735968 0.513233 0.713920 0.553821 0.713849 0.553945 0.735897
3 0.370445 0.509822 0.371869 0.490386 0.406392 0.491174 0.404968 0.510610
3 0.413851 0.483163 0.448718 0.447188 0.487522 0.458899 0.452655 0.494874
3 0.039455 0.825384 0.072755 0.792070 0.119593 0.806647 0.086293 0.839961
3 0.716280 0.603015 0.729090 0.586321 0.782349 0.599045 0.769539 0.615739
3 0.190900 0.795798 0.183266 0.771948 0.230299 0.767261 0.237933 0.791111
