1 0.346236 0.712706 0.430844 0.698626 0.476116 0.783332 0.391508 0.797412
2 0.585966 0.568267 0.646319 0.512968 0.822001 0.572668 0.761648 0.627967
0 0.328585 0.283551 0.415610 0.262490 0.516197 0.391902 0.429172 0.412963
3 0.183118 0.875698 0.165510 0.836052 0.256952 0.823407 0.274560 0.863053
1 0.706330 0.674766 0.801622 0.686114 0.767644 0.774953 0.672352 0.763605
1 0.681946 0.252050 0.746584 0.281317 0.651240 0.346882 0.586602 0.317615
3 0.277747 0.504834 0.335465 0.431934 0.474764 0.466274 0.417046 0.539174
3 0.384843 0.888626 0.399452 0.848949 0.470899 0.857140 0.456290 0.896817
3 0.000000 0.804281 0.008467 0.762986 0.081486 0.767649 0.073016 0.808944
2 0.316762 0.635670 0.467742 0.548000 0.543050 0.588381 0.392070 0.676051
3 0.298861 0.119841 0.340256 0.091554 0.386079 0.112433 0.344684 0.140720
2 0.576969 0.419082 0.706149 0.334649 0.809520 0.383893 0.680340 0.468326
3 0.280086 0.926406 0.263604 0.887045 0.341400 0.876901 0.357882 0.916262
3 0.062400 0.757453 0.095750 0.729949 0.142198 0.747485 0.108848 0.774989
3 0.561399 0.112039 0.630555 0.120752 0.612330 0.165790 0.543174 0.157077
