2 0.466752 0.552602 0.575817 0.613565 0.474534 0.669983 0.365469 0.609020
2 0.393214 0.490561 0.491039 0.445000 0.551965 0.485731 0.454140 0.531292
0 0.405018 0.457000 0.344261 0.423021 0.511640 0.329835 0.572397 0.363814
3 0.592523 0.531250 0.687850 0.531250 0.687850 0.589584 0.592523 0.589584
3 0.598376 0.626850 0.738550 0.613990 0.766110 0.707526 0.625936 0.720386
0 0.175700 0.821875 0.222429 0.821875 0.222429 0.844791 0.175700 0.844791
3 0.142525 0.769936 0.185257 0.794757 0.158255 0.809231 0.115523 0.784410
1 0.573524 0.392320 0.662010 0.366935 0.731148 0.441973 0.642662 0.467358
3 0.127567 0.862110 0.181782 0.851678 0.198598 0.878890 0.144383 0.889322
0 0.191756 0.882000 0.236559 0.882000 0.236559 0.903000 0.191756 0.903000
0 0.249104 0.899000 0.307955 0.904118 0.295699 0.948000 0.236848 0.942882
