1 0.320181 0.497746 0.439878 0.476766 0.491252 0.568027 0.371555 0.589007
2 0.653203 0.614023 0.803372 0.644238 0.723736 0.767473 0.573567 0.737258
2 0.550908 0.488159 0.628076 0.428854 0.815979 0.504983 0.738811 0.564288
3 0.631118 0.321862 0.624670 0.253552 0.758587 0.249616 0.765035 0.317926
2 0.355406 0.641043 0.496049 0.627670 0.532088 0.745682 0.391445 0.759055
1 0.564161 0.351336 0.727036 0.320008 0.770036 0.389615 0.607161 0.420943
0 0.315978 0.327773 0.409397 0.295829 0.567447 0.439746 0.474028 0.471690
0 0.509488 0.550212 0.504770 0.519422 0.554542 0.517048 0.559260 0.547838
0 0.472296 0.335617 0.473678 0.306030 0.523806 0.306759 0.522424 0.336346
0 0.351254 0.424000 0.394265 0.424000 0.394265 0.448000 0.351254 0.448000
