2 0.389458 0.676098 0.345854 0.562184 0.471036 0.410473 0.514640 0.524387
3 0.499138 0.524443 0.547932 0.469257 0.583966 0.570130 0.535172 0.625316
2 0.566764 0.230775 0.565446 0.066149 0.727778 0.062035 0.729096 0.226661
2 0.533834 0.636858 0.613249 0.620592 0.624489 0.794341 0.545074 0.810607
2 0.646552 0.413004 0.716509 0.248622 0.807183 0.370798 0.737226 0.535180
0 0.604885 0.467806 0.679067 0.416655 0.759949 0.788039 0.685767 0.839190
0 0.537064 0.168465 0.611506 0.214075 0.577380 0.390422 0.502938 0.344812
3 0.339850 0.013165 0.355583 0.020351 0.303957 0.378219 0.288224 0.371033
2 0.382283 0.392849 0.351999 0.357650 0.455717 0.075122 0.486001 0.110321
3 0.777035 0.395890 0.828652 0.402224 0.812965 0.806957 0.761348 0.800623
