0 0.507931 0.321070 0.564112 0.348882 0.418093 0.440722 0.361912 0.412910
3 0.623192 0.290406 0.757791 0.312272 0.728210 0.368970 0.593611 0.347104
1 0.578175 0.432879 0.652319 0.401304 0.745189 0.469205 0.671045 0.500780
2 0.354397 0.506029 0.444993 0.474039 0.527845 0.547097 0.437249 0.579087
3 0.565827 0.606800 0.672043 0.547000 0.766883 0.599450 0.660667 0.659250
3 0.933111 0.633052 1.000000 0.659883 0.931406 0.723990 0.857929 0.697159
3 0.874261 0.739239 0.945125 0.752541 0.927609 0.781595 0.856745 0.768293
3 0.822430 0.820876 0.928972 0.820876 0.928972 0.867000 0.822430 0.867000
2 0.142239 0.857044 0.224079 0.813046 0.357020 0.890040 0.275180 0.934038
2 0.361113 0.658738 0.443615 0.620226 0.545429 0.688138 0.462927 0.726650
3 0.601918 0.696115 0.731269 0.675388 0.766306 0.743469 0.636955 0.764196
