2 0.846023 0.169071 0.924230 0.235530 0.872890 0.429566 0.794683 0.363107
2 0.309122 0.216453 0.276115 0.097632 0.360242 0.022577 0.393249 0.141398
2 0.164825 0.209905 0.224051 0.150195 0.275932 0.315469 0.216706 0.375179
2 0.290248 0.536723 0.264877 0.420148 0.357074 0.355704 0.382445 0.472279
2 0.684740 0.472285 0.653912 0.358098 0.753513 0.271735 0.784341 0.385922
2 0.603691 0.647206 0.675644 0.667600 0.650676 0.950526 0.578723 0.930132
1 0.465069 0.464872 0.527299 0.437816 0.551190 0.614302 0.488960 0.641358
2 0.462677 0.791589 0.452634 0.675309 0.587810 0.637812 0.597853 0.754092
1 0.431266 0.338623 0.398513 0.232806 0.504509 0.127436 0.537262 0.233253
0 0.524015 0.396014 0.579765 0.306475 0.705683 0.558271 0.649933 0.647810
1 0.657228 0.693069 0.712498 0.655403 0.764755 0.901677 0.709485 0.939343
