2 0.389076 0.675659 0.345776 0.561667 0.471339 0.410658 0.514639 0.524650
2 0.637741 0.343072 0.597946 0.183269 0.706031 0.098049 0.745827 0.257853
2 0.195125 0.244523 0.249625 0.075665 0.423572 0.253417 0.369072 0.422275
0 0.537373 0.173790 0.610758 0.220703 0.576543 0.390159 0.503158 0.343246
3 0.750606 0.568938 0.803663 0.632776 0.762609 0.740805 0.709552 0.676967
2 0.532725 0.636772 0.614397 0.620875 0.625156 0.795874 0.543484 0.811771
0 0.577779 0.572581 0.573151 0.420042 0.672832 0.410466 0.677460 0.563005
0 0.457407 0.272812 0.397373 0.218432 0.466105 0.000000 0.526139 0.032571
2 0.222343 0.349079 0.318474 0.449137 0.266213 0.608108 0.170082 0.508050
3 0.784270 0.398568 0.824450 0.402878 0.810730 0.807837 0.770550 0.803527
