1 0.851288 0.605692 0.815707 0.464714 0.959067 0.348509 0.994648 0.489487
1 0.484774 0.281566 0.553007 0.248175 0.585844 0.463685 0.517611 0.497076
2 0.379669 0.282474 0.406062 0.169568 0.497860 0.238486 0.471467 0.351392
2 0.682536 0.457416 0.649347 0.295028 0.784834 0.206093 0.818023 0.368481
2 0.467266 0.211514 0.431226 0.080776 0.524894 0.000000 0.560934 0.128585
2 0.681262 0.613566 0.789214 0.669641 0.742609 0.957797 0.634657 0.901722
1 0.442157 0.818329 0.420981 0.674946 0.555393 0.611190 0.576569 0.754573
2 0.354370 0.171896 0.409182 0.249548 0.344441 0.396319 0.289629 0.318667
1 0.586350 0.410686 0.663452 0.360849 0.707165 0.578047 0.630063 0.627884
1 0.906735 0.572005 1.000000 0.588068 0.986689 0.836295 0.893424 0.820232
2 0.316704 0.109819 0.376095 0.025961 0.440273 0.171941 0.380882 0.255799
1 0.600015 0.591455 0.682337 0.638594 0.647368 0.834730 0.565046 0.787591
0 0.347266 0.629532 0.345441 0.499115 0.604706 0.487463 0.606531 0.617880
