0 0.482078 0.281000 0.537977 0.309623 0.392227 0.398250 0.336328 0.369627
2 0.611111 0.216000 0.773078 0.253168 0.700575 0.351542 0.538608 0.314374
3 0.596774 0.334000 0.744207 0.373128 0.685468 0.442042 0.538035 0.402914
2 0.402536 0.450178 0.465808 0.403394 0.550736 0.439156 0.487464 0.485940
2 0.372616 0.545415 0.478660 0.509056 0.537973 0.562919 0.431929 0.599278
1 0.663082 0.472000 0.740456 0.500010 0.672597 0.558376 0.595223 0.530366
3 0.458781 0.622000 0.538758 0.653691 0.486398 0.694834 0.406421 0.663143
3 0.597706 0.613966 0.756248 0.628773 0.733136 0.705826 0.574594 0.691019
2 0.694214 0.083064 0.770232 0.091306 0.743170 0.169020 0.667152 0.160778
1 0.431900 0.858000 0.500000 0.858000 0.500000 0.907000 0.431900 0.907000
3 0.551971 0.845000 0.614695 0.845000 0.614695 0.887000 0.551971 0.887000
