3 0.440396 0.653313 0.413489 0.586165 0.551998 0.568884 0.578905 0.636032
3 0.582413 0.211979 0.586378 0.151151 0.705094 0.153560 0.701129 0.214388
3 0.201280 0.613171 0.189820 0.564131 0.306281 0.555657 0.317741 0.604697
1 0.192827 0.455160 0.292502 0.414247 0.414878 0.507078 0.315203 0.547991
2 0.145589 0.678779 0.272657 0.631377 0.438149 0.769506 0.311081 0.816908
2 0.436009 0.742726 0.717771 0.611400 0.878768 0.718952 0.597006 0.850278
0 0.384121 0.157882 0.512485 0.222122 0.323963 0.339414 0.195599 0.275174
0 0.465009 0.364434 0.730102 0.205115 0.840817 0.262474 0.575724 0.421793
3 0.323193 0.401316 0.398544 0.357026 0.598726 0.463068 0.523375 0.507358
1 0.748068 0.434904 0.845547 0.486033 0.675145 0.587188 0.577666 0.536059
