2 0.692593 0.296880 0.803475 0.344632 0.658644 0.449344 0.547762 0.401592
2 0.428417 0.589327 0.544520 0.629487 0.439751 0.723796 0.323648 0.683636
0 0.581352 0.615274 0.668867 0.582488 0.846140 0.729822 0.758625 0.762608
0 0.300031 0.319045 0.380982 0.281904 0.547155 0.394675 0.466204 0.431816
3 0.325189 0.529298 0.352763 0.472186 0.473978 0.490408 0.446404 0.547520
1 0.595216 0.499061 0.756149 0.444821 0.813396 0.497707 0.652463 0.551947
3 0.290570 0.134549 0.299998 0.077352 0.413961 0.083201 0.404533 0.140398
3 0.383225 0.086612 0.387383 0.038735 0.491826 0.041559 0.487668 0.089436
3 0.704413 0.579690 0.710809 0.554463 0.835741 0.564325 0.829345 0.589552
1 0.554353 0.330801 0.552990 0.304313 0.598206 0.303589 0.599569 0.330077
