3 0.533119 0.558199 0.554460 0.491013 0.693051 0.504720 0.671710 0.571906
1 0.542591 0.398088 0.625638 0.402282 0.616905 0.456123 0.533858 0.451929
2 0.510969 0.636642 0.687549 0.553073 0.827054 0.644855 0.650474 0.728424
0 0.525364 0.283892 0.593218 0.245992 0.805823 0.364508 0.737969 0.402408
1 0.333447 0.447630 0.422152 0.419769 0.487672 0.484721 0.398967 0.512582
1 0.700117 0.406418 0.796527 0.443754 0.711005 0.512515 0.614595 0.475179
2 0.469205 0.511246 0.531498 0.542459 0.394761 0.627428 0.332468 0.596215
3 0.293455 0.710292 0.426236 0.632331 0.612613 0.731168 0.479832 0.809129
0 0.328118 0.304771 0.441525 0.267545 0.554233 0.374454 0.440826 0.411680
3 0.608217 0.781069 0.795202 0.686066 0.825447 0.704601 0.638462 0.799604
