1 0.583746 0.338252 0.656909 0.414620 0.586362 0.631686 0.513199 0.555318
2 0.544117 0.667621 0.629235 0.597516 0.690994 0.838344 0.605876 0.908449
1 0.758429 0.566265 0.834240 0.471441 0.911348 0.669432 0.835537 0.764256
2 0.500983 0.623155 0.564811 0.724883 0.454326 0.947523 0.390498 0.845795
2 0.493522 0.246432 0.564441 0.250267 0.562016 0.394327 0.491097 0.390492
2 0.707241 0.227429 0.691382 0.091552 0.808816 0.047532 0.824675 0.183409
2 0.653901 0.461125 0.715803 0.343608 0.802367 0.490052 0.740465 0.607569
2 0.313116 0.282146 0.362858 0.190867 0.427209 0.303493 0.377467 0.394772
2 0.368422 0.343313 0.426506 0.392006 0.385066 0.550766 0.326982 0.502073
3 0.839256 0.084585 0.914548 0.156954 0.866444 0.317688 0.791152 0.245319
1 0.429385 0.452042 0.505441 0.524425 0.445809 0.725660 0.369753 0.653277
