1 0.475716 0.448560 0.549082 0.405385 0.585867 0.606140 0.512501 0.649315
2 0.514770 0.293349 0.584332 0.222032 0.635660 0.382827 0.566098 0.454144
2 0.630879 0.832437 0.595914 0.699770 0.720159 0.594602 0.755124 0.727269
2 0.736317 0.537996 0.834365 0.498252 0.863155 0.726359 0.765107 0.766103
1 0.750115 0.793174 0.816432 0.789077 0.818914 0.918112 0.752597 0.922209
2 0.467198 0.804934 0.452949 0.686294 0.585086 0.635325 0.599335 0.753965
0 0.557693 0.059310 0.606528 0.142253 0.456955 0.425091 0.408120 0.342148
3 0.768759 0.306248 0.793971 0.244844 0.832412 0.295535 0.807200 0.356939
1 0.607837 0.272896 0.681527 0.205627 0.746160 0.433023 0.672470 0.500292
3 0.825667 0.483328 0.821540 0.416594 0.896480 0.401710 0.900607 0.468444
3 0.604138 0.619839 0.614380 0.523801 0.682549 0.547150 0.672307 0.643188
