3 0.454424 0.688000 0.618042 0.718890 0.590992 0.798626 0.427374 0.767736
3 0.388326 0.653176 0.455357 0.635205 0.479442 0.685200 0.412411 0.703171
2 0.475555 0.538409 0.591153 0.614000 0.516676 0.677383 0.401078 0.601792
1 0.446542 0.465498 0.532579 0.492949 0.504576 0.541794 0.418539 0.514343
3 0.403984 0.402315 0.553619 0.374000 0.580204 0.452185 0.430569 0.480500
0 0.506702 0.262000 0.557782 0.291120 0.450002 0.396334 0.398922 0.367214
0 0.538716 0.293278 0.607238 0.297000 0.598156 0.390056 0.529634 0.386334
0 0.587586 0.307777 0.715818 0.264000 0.772750 0.356807 0.644518 0.400584
3 0.651120 0.381061 0.761309 0.421334 0.713406 0.494273 0.603217 0.454000
1 0.575803 0.430288 0.617963 0.454000 0.569449 0.502004 0.527289 0.478292
1 0.713214 0.478781 0.778054 0.519069 0.702988 0.586303 0.638148 0.546015
2 0.698132 0.580597 0.772640 0.605676 0.727846 0.679737 0.653338 0.654658
2 0.583725 0.587834 0.665451 0.591455 0.659517 0.666000 0.577791 0.662379
2 0.608579 0.659000 0.750394 0.752077 0.695891 0.798292 0.554076 0.705215
3 0.688547 0.673958 0.750000 0.673958 0.750000 0.712500 0.688547 0.712500
3 0.523744 0.737500 0.574023 0.737500 0.574023 0.777083 0.523744 0.777083
1 0.570894 0.490690 0.653635 0.509740 0.626869 0.574436 0.544128 0.555386
