2 0.193911 0.153655 0.242175 0.049567 0.364504 0.229157 0.316240 0.333245
2 0.504621 0.601487 0.567986 0.463989 0.647026 0.579315 0.583661 0.716813
0 0.420703 0.100804 0.502337 0.100679 0.502441 0.317021 0.420807 0.317146
2 0.602376 0.123323 0.707877 0.013586 0.750209 0.142438 0.644708 0.252175
0 0.495356 0.066828 0.565970 0.045404 0.601771 0.419009 0.531157 0.440433
3 0.363248 0.193390 0.424545 0.166905 0.440451 0.283457 0.379154 0.309942
0 0.670214 0.615943 0.682847 0.461592 0.817746 0.496549 0.805113 0.650900
2 0.175956 0.492445 0.226839 0.305176 0.399089 0.453357 0.348206 0.640625
2 0.650394 0.244464 0.747588 0.152588 0.774606 0.243080 0.677412 0.334957
3 0.877742 0.442612 0.913000 0.494662 0.769258 0.802940 0.734000 0.750890
