0 0.445758 0.264519 0.517257 0.289810 0.399103 0.393814 0.327604 0.368523
0 0.608833 0.290653 0.763527 0.349196 0.718270 0.386431 0.563576 0.327888
1 0.448228 0.397490 0.579378 0.357409 0.624669 0.403552 0.493519 0.443633
2 0.681130 0.425484 0.770142 0.453130 0.702049 0.521393 0.613037 0.493747
1 0.493072 0.471862 0.585560 0.464366 0.605685 0.541679 0.513197 0.549175
2 0.578044 0.581890 0.712932 0.525799 0.775227 0.572444 0.640339 0.628535
2 0.376780 0.632254 0.475952 0.594042 0.575875 0.674788 0.476703 0.713000
3 0.635611 0.677155 0.774321 0.688476 0.756760 0.755471 0.618050 0.744150
3 0.878505 0.535417 0.957009 0.535417 0.957009 0.579167 0.878505 0.579167
3 0.716846 0.823000 0.783144 0.850837 0.726454 0.892876 0.660156 0.865039
