3 0.498165 0.522849 0.548351 0.467934 0.583846 0.570639 0.533660 0.625554
2 0.332821 0.641422 0.294339 0.548098 0.369478 0.450002 0.407960 0.543326
2 0.339750 0.000000 0.466873 0.038994 0.434649 0.371260 0.307526 0.332225
2 0.533593 0.635634 0.613652 0.620479 0.624082 0.794924 0.544023 0.810079
2 0.646382 0.409202 0.717169 0.246751 0.807457 0.371313 0.736670 0.533764
0 0.604535 0.467712 0.678760 0.416184 0.760252 0.787845 0.686027 0.839373
2 0.476267 0.093909 0.568728 0.000000 0.619075 0.156913 0.526614 0.250835
0 0.444581 0.224581 0.530471 0.234680 0.524043 0.407785 0.438153 0.397686
0 0.605557 0.466260 0.559593 0.370102 0.746043 0.087925 0.792007 0.184083
3 0.778876 0.401478 0.826857 0.407306 0.811124 0.817383 0.763143 0.811555
