3 0.355140 0.262500 0.459813 0.262500 0.459813 0.332292 0.355140 0.332292
0 0.504887 0.308704 0.560933 0.339000 0.417553 0.421588 0.361507 0.391292
0 0.485663 0.424000 0.541079 0.451843 0.392841 0.543708 0.337425 0.515865
0 0.535946 0.487191 0.598899 0.505198 0.493035 0.620435 0.430082 0.602428
3 0.344337 0.719476 0.415771 0.666000 0.531836 0.714274 0.460402 0.767750
3 0.536149 0.647440 0.643370 0.576000 0.827084 0.661852 0.719863 0.733292
0 0.656754 0.535391 0.730293 0.527862 0.745116 0.572943 0.671577 0.580472
3 0.652330 0.454000 0.759085 0.491963 0.714026 0.531416 0.607271 0.493453
0 0.679211 0.332000 0.799999 0.390123 0.707397 0.450042 0.586609 0.391919
0 0.654205 0.267709 0.740186 0.267709 0.740186 0.315626 0.654205 0.315626
0 0.295699 0.832000 0.401563 0.849481 0.390681 0.870000 0.284817 0.852519
