2 0.560973 0.694411 0.634706 0.642191 0.814702 0.721324 0.740969 0.773544
2 0.545472 0.345367 0.604141 0.289493 0.798922 0.353174 0.740253 0.409048
2 0.482290 0.602813 0.575043 0.638568 0.439460 0.748081 0.346707 0.712326
1 0.341744 0.608383 0.343668 0.550798 0.450998 0.551915 0.449074 0.609500
0 0.372676 0.310898 0.453432 0.284408 0.602693 0.426088 0.521937 0.452578
1 0.335559 0.440342 0.428785 0.427172 0.454332 0.483479 0.361106 0.496649
1 0.611753 0.477937 0.780993 0.458972 0.801314 0.515434 0.632074 0.534399
3 0.499872 0.693699 0.598201 0.720798 0.539192 0.787466 0.440863 0.760367
2 0.560615 0.604984 0.601007 0.545522 0.808005 0.589304 0.767613 0.648766
0 0.688251 0.443809 0.688436 0.421151 0.734512 0.421268 0.734327 0.443926
0 0.530466 0.558000 0.577061 0.558000 0.577061 0.580000 0.530466 0.580000
