0 0.455197 0.250000 0.514387 0.280092 0.356017 0.377084 0.296827 0.346992
2 0.459881 0.332634 0.564233 0.324423 0.584825 0.405908 0.480473 0.414119
0 0.691756 0.221000 0.835696 0.339729 0.676468 0.399834 0.532528 0.281105
0 0.587463 0.399583 0.650538 0.370000 0.821883 0.483751 0.758808 0.513334
2 0.489402 0.448047 0.569655 0.414302 0.648299 0.472537 0.568046 0.506282
2 0.593745 0.471712 0.684929 0.486206 0.637878 0.578372 0.546694 0.563878
1 0.527218 0.481489 0.588474 0.508346 0.500820 0.570595 0.439564 0.543738
2 0.267270 0.420938 0.437814 0.364664 0.521516 0.443646 0.350972 0.499920
1 0.690475 0.517558 0.784946 0.505000 0.817937 0.582276 0.723466 0.594834
1 0.649085 0.568511 0.782757 0.598279 0.747024 0.648239 0.613352 0.618471
2 0.523928 0.567039 0.638835 0.629764 0.560184 0.674627 0.445277 0.611902
3 0.354266 0.652436 0.471542 0.646504 0.482327 0.712898 0.365051 0.718830
3 0.326992 0.675352 0.406990 0.696691 0.374579 0.734524 0.294581 0.713185
3 0.434677 0.705834 0.523006 0.745759 0.458781 0.790000 0.370452 0.750075
2 0.493459 0.677083 0.543925 0.677083 0.543925 0.743750 0.493459 0.743750
0 0.689964 0.644000 0.834504 0.720016 0.713620 0.791584 0.569080 0.715568
3 0.276012 0.507320 0.427042 0.473763 0.490344 0.562472 0.339314 0.596029
2 0.332321 0.597926 0.388889 0.577000 0.450857 0.629158 0.394289 0.650084
