0 0.455462 0.353747 0.517869 0.397812 0.427462 0.803201 0.365055 0.759136
2 0.535432 0.675536 0.574612 0.573879 0.682195 0.705159 0.643015 0.806816
2 0.367697 0.339602 0.424576 0.386691 0.380970 0.553456 0.324091 0.506367
2 0.756926 0.550127 0.818249 0.461395 0.912427 0.667469 0.851104 0.756201
2 0.313598 0.285841 0.365076 0.196973 0.423493 0.304112 0.372015 0.392980
2 0.704675 0.225268 0.694092 0.089687 0.812424 0.060443 0.823007 0.196024
2 0.430140 0.337783 0.397433 0.232171 0.509001 0.122777 0.541708 0.228389
2 0.423124 0.878296 0.402695 0.757830 0.532377 0.688201 0.552806 0.808667
2 0.491393 0.241209 0.565540 0.249350 0.560301 0.400439 0.486154 0.392298
1 0.536000 0.418149 0.610000 0.418149 0.610000 0.548043 0.536000 0.548043
2 0.652454 0.459199 0.715000 0.341637 0.801546 0.487420 0.739000 0.604982
