2 0.420602 0.267066 0.473852 0.139076 0.587745 0.291261 0.534495 0.419251
2 0.598000 0.689903 0.679284 0.643533 0.718735 0.865640 0.637451 0.912010
2 0.166544 0.242402 0.228499 0.154420 0.327327 0.377927 0.265372 0.465909
2 0.419640 0.456829 0.502795 0.357518 0.579392 0.563502 0.496237 0.662813
1 0.348964 0.723926 0.430347 0.761442 0.404851 0.939075 0.323468 0.901559
1 0.455925 0.861953 0.473407 0.725904 0.551819 0.758264 0.534337 0.894313
1 0.574406 0.462467 0.626420 0.388139 0.707650 0.570702 0.655636 0.645030
0 0.336752 0.602057 0.380353 0.486773 0.524194 0.661493 0.480593 0.776777
0 0.370888 0.468394 0.402395 0.475648 0.398086 0.535763 0.366579 0.528509
1 0.757250 0.568508 0.796554 0.458849 0.913535 0.593509 0.874231 0.703168
