0 0.494609 0.292964 0.560990 0.320443 0.443092 0.409121 0.376711 0.381642
0 0.651654 0.270029 0.777154 0.290583 0.742738 0.356012 0.617238 0.335458
1 0.607527 0.328000 0.720742 0.364555 0.678455 0.405334 0.565240 0.368779
1 0.677615 0.395393 0.778855 0.400896 0.768191 0.461983 0.666951 0.456480
1 0.478120 0.425835 0.549148 0.425835 0.549148 0.470000 0.478120 0.470000
0 0.420407 0.466667 0.504519 0.466667 0.504519 0.511459 0.420407 0.511459
2 0.675622 0.501864 0.756752 0.536626 0.685125 0.588677 0.603995 0.553915
3 0.539291 0.561656 0.665856 0.592789 0.623481 0.646427 0.496916 0.615294
2 0.420292 0.560153 0.527335 0.550575 0.543733 0.607638 0.436690 0.617216
2 0.371116 0.642387 0.456113 0.616112 0.572811 0.733654 0.487814 0.759929
2 0.686380 0.628000 0.793872 0.695171 0.677644 0.753084 0.570152 0.685913
0 0.605735 0.103917 0.705798 0.103917 0.705798 0.154000 0.605735 0.154000
0 0.710579 0.085725 0.575021 0.065790 0.605944 0.000317 0.741502 0.020252
3 0.299986 0.863231 0.388944 0.882594 0.343383 0.947769 0.254425 0.928406
0 0.170251 0.851000 0.198925 0.851000 0.198925 0.866000 0.170251 0.866000
3 0.077061 0.888000 0.143369 0.888000 0.143369 0.926000 0.077061 0.926000
