1 0.388830 0.322431 0.480637 0.307862 0.522202 0.389415 0.430395 0.403984
2 0.568385 0.502902 0.652988 0.458285 0.800359 0.545295 0.715756 0.589912
0 0.343852 0.631373 0.427043 0.593268 0.574153 0.693269 0.490962 0.731374
3 0.674531 0.311498 0.675664 0.243124 0.809906 0.243816 0.808773 0.312190
3 0.729868 0.805515 0.686410 0.775247 0.809032 0.720430 0.852490 0.750698
2 0.689142 0.618243 0.792288 0.648127 0.699009 0.748373 0.595863 0.718489
2 0.448627 0.440772 0.544894 0.474666 0.424581 0.581064 0.328314 0.547170
3 0.310585 0.781400 0.316538 0.725685 0.427241 0.729368 0.421288 0.785083
0 0.562772 0.330619 0.641242 0.300125 0.802031 0.428955 0.723561 0.459449
0 0.541218 0.301000 0.575268 0.301000 0.575268 0.326000 0.541218 0.326000
