1 0.452568 0.252000 0.555372 0.252000 0.555372 0.314584 0.452568 0.314584
3 0.599404 0.258586 0.810036 0.312000 0.735176 0.403914 0.524544 0.350500
0 0.601869 0.389584 0.637383 0.389584 0.637383 0.411459 0.601869 0.411459
0 0.341151 0.320396 0.406810 0.294000 0.552307 0.406688 0.486648 0.433084
1 0.327625 0.462963 0.431900 0.431000 0.532189 0.532871 0.427914 0.564834
2 0.397791 0.578789 0.520745 0.661455 0.407817 0.713753 0.284863 0.631087
3 0.372564 0.697848 0.516129 0.656000 0.601268 0.746944 0.457703 0.788792
1 0.523364 0.580209 0.628038 0.580209 0.628038 0.645834 0.523364 0.645834
2 0.708001 0.648238 0.801912 0.681310 0.697297 0.773804 0.603386 0.740732
3 0.638720 0.523638 0.786547 0.576627 0.755672 0.603446 0.607845 0.550457
2 0.679912 0.426959 0.777108 0.426959 0.777108 0.517583 0.679912 0.517583
0 0.555140 0.655209 0.603738 0.655209 0.603738 0.678125 0.555140 0.678125
