0 0.347119 0.345070 0.422939 0.312000 0.549616 0.402430 0.473796 0.435500
3 0.492494 0.275852 0.598437 0.292940 0.570441 0.346982 0.464498 0.329894
3 0.328972 0.406251 0.426168 0.406251 0.426168 0.452084 0.328972 0.452084
1 0.447592 0.442010 0.505966 0.467579 0.422974 0.526574 0.364600 0.501005
1 0.616210 0.384329 0.692424 0.420247 0.617744 0.469587 0.541530 0.433669
1 0.696019 0.425133 0.772027 0.431722 0.750247 0.509951 0.674239 0.503362
0 0.593153 0.357199 0.662528 0.297772 0.737689 0.325093 0.668314 0.384520
2 0.575311 0.501388 0.677419 0.531000 0.613475 0.599654 0.511367 0.570042
2 0.732714 0.550707 0.788530 0.570000 0.727100 0.625335 0.671284 0.606042
2 0.347194 0.589128 0.437528 0.561181 0.513564 0.637706 0.423230 0.665653
3 0.654470 0.641130 0.775116 0.666569 0.738823 0.720162 0.618177 0.694723
3 0.508335 0.694000 0.590578 0.694000 0.590578 0.744084 0.508335 0.744084
3 0.555323 0.819775 0.654005 0.844821 0.614617 0.893141 0.515935 0.868095
3 0.702509 0.890000 0.756272 0.890000 0.756272 0.918000 0.702509 0.918000
