0 0.511995 0.329209 0.556855 0.329209 0.556855 0.351083 0.511995 0.351083
0 0.352602 0.393998 0.432458 0.372992 0.518427 0.474752 0.438571 0.495758
0 0.499065 0.496917 0.568225 0.496917 0.568225 0.539625 0.499065 0.539625
2 0.468071 0.570285 0.526551 0.603490 0.416041 0.664091 0.357561 0.630886
3 0.590654 0.627083 0.695327 0.627083 0.695327 0.680208 0.590654 0.680208
3 0.688290 0.834906 0.734566 0.826125 0.755953 0.861219 0.709677 0.870000
3 0.766976 0.819645 0.862990 0.837015 0.840810 0.875188 0.744796 0.857818
2 0.671394 0.432311 0.764364 0.460718 0.681878 0.544773 0.588908 0.516366
1 0.652744 0.332577 0.732536 0.360359 0.659406 0.425756 0.579614 0.397974
3 0.894968 0.695310 0.971066 0.709744 0.942417 0.756773 0.866319 0.742339
