0 0.433692 0.350000 0.571275 0.411462 0.521602 0.446084 0.384019 0.384622
3 0.609950 0.335782 0.703286 0.346596 0.685069 0.395552 0.591733 0.384738
3 0.667289 0.491625 0.736449 0.491625 0.736449 0.523917 0.667289 0.523917
2 0.419147 0.450501 0.500661 0.485646 0.460302 0.514791 0.378788 0.479646
2 0.351628 0.566286 0.418574 0.537629 0.535607 0.622756 0.468661 0.651413
2 0.562735 0.604006 0.646953 0.554000 0.728545 0.596786 0.644327 0.646792
3 0.626169 0.681250 0.708412 0.681250 0.708412 0.722916 0.626169 0.722916
3 0.433336 0.677125 0.504364 0.677125 0.504364 0.715667 0.433336 0.715667
0 0.925103 0.731500 0.842020 0.719148 0.865089 0.670834 0.948172 0.683186
0 0.885904 0.606251 0.956932 0.606251 0.956932 0.645834 0.885904 0.645834
1 0.655253 0.404026 0.712748 0.430296 0.635874 0.482682 0.578379 0.456412
3 0.898752 0.662047 0.929362 0.649906 0.974008 0.684953 0.943398 0.697094
