1 0.392220 0.348552 0.488857 0.332424 0.531125 0.411282 0.434488 0.427410
2 0.669260 0.053176 0.766741 0.063025 0.734478 0.162450 0.636997 0.152601
1 0.665825 0.306598 0.755093 0.343444 0.665171 0.411277 0.575903 0.374431
1 0.597433 0.474877 0.744134 0.438207 0.781697 0.484998 0.634996 0.521668
1 0.435967 0.483744 0.596551 0.523530 0.550949 0.580839 0.390365 0.541053
1 0.462289 0.601278 0.545028 0.657835 0.476029 0.689265 0.393290 0.632708
1 0.601869 0.600000 0.715888 0.600000 0.715888 0.666667 0.601869 0.666667
1 0.473373 0.423902 0.556680 0.408407 0.582182 0.451098 0.498875 0.466593
3 0.089798 0.818504 0.193981 0.845271 0.146762 0.902496 0.042579 0.875729
0 0.217112 0.864471 0.279424 0.877047 0.243461 0.932529 0.181149 0.919953
0 0.274194 0.918000 0.302867 0.918000 0.302867 0.936000 0.274194 0.936000
