0 0.477951 0.314652 0.537919 0.339692 0.414890 0.431432 0.354922 0.406392
2 0.568760 0.466431 0.625200 0.431313 0.770176 0.503861 0.713736 0.538979
2 0.395859 0.503962 0.492843 0.484935 0.529375 0.542914 0.432391 0.561941
2 0.647501 0.556418 0.729944 0.582792 0.666673 0.644374 0.584230 0.618000
2 0.357021 0.656995 0.447080 0.618593 0.534723 0.682589 0.444664 0.720991
3 0.634188 0.671443 0.754388 0.681313 0.735906 0.751391 0.615706 0.741521
3 0.851752 0.448580 0.929989 0.438306 0.951371 0.489004 0.873134 0.499278
1 0.605791 0.342659 0.674318 0.314727 0.749195 0.371925 0.680668 0.399857
0 0.910394 0.419000 0.933692 0.419000 0.933692 0.433000 0.910394 0.433000
0 0.940860 0.463000 0.962366 0.463000 0.962366 0.479000 0.940860 0.479000
