1 0.582848 0.188258 0.649284 0.117597 0.701993 0.276757 0.635557 0.347418
2 0.277258 0.760302 0.318199 0.631091 0.437770 0.752770 0.396829 0.881981
2 0.417652 0.429655 0.492317 0.428885 0.492775 0.571573 0.418110 0.572343
2 0.579477 0.276736 0.649414 0.344341 0.577410 0.583572 0.507473 0.515967
2 0.124533 0.630104 0.207084 0.581405 0.251656 0.824061 0.169105 0.872760
3 0.373739 0.102282 0.416974 0.154892 0.364873 0.292407 0.321638 0.239797
0 0.381693 0.432629 0.366139 0.307468 0.569325 0.226373 0.584879 0.351534
1 0.546716 0.699563 0.567321 0.599902 0.675327 0.671620 0.654722 0.771281
1 0.340439 0.441217 0.419774 0.436417 0.424026 0.662098 0.344691 0.666898
3 0.625837 0.581137 0.645974 0.480074 0.709324 0.520614 0.689187 0.621677
3 0.089687 0.699708 0.149836 0.726656 0.134313 0.837927 0.074164 0.810979
