1 0.435245 0.298143 0.521095 0.322697 0.455882 0.393691 0.370032 0.369137
3 0.654852 0.260557 0.790352 0.280616 0.759946 0.344569 0.624446 0.324510
0 0.558167 0.350631 0.615779 0.318632 0.795105 0.419161 0.737493 0.451160
2 0.491189 0.413664 0.607527 0.400000 0.643237 0.494670 0.526899 0.508334
2 0.684588 0.460000 0.783888 0.485415 0.720249 0.562834 0.620949 0.537419
3 0.561518 0.544288 0.690904 0.574398 0.648752 0.630796 0.519366 0.600686
3 0.501522 0.657420 0.582808 0.650441 0.597082 0.702206 0.515796 0.709185
1 0.633969 0.647634 0.738456 0.644150 0.745471 0.709658 0.640984 0.713142
2 0.469534 0.567000 0.542132 0.598612 0.439032 0.672334 0.366434 0.640722
2 0.332731 0.481580 0.442652 0.447000 0.513844 0.517462 0.403923 0.552042
3 0.433416 0.841003 0.508179 0.861509 0.473394 0.900997 0.398631 0.880491
3 0.540123 0.896969 0.595262 0.871409 0.631920 0.896031 0.576781 0.921591
