0 0.438472 0.447998 0.483871 0.427000 0.590644 0.498878 0.545245 0.519876
0 0.402193 0.489724 0.454025 0.478710 0.511825 0.563402 0.459993 0.574416
0 0.465421 0.571875 0.500935 0.571875 0.500935 0.589583 0.465421 0.589583
0 0.600000 0.571875 0.631776 0.571875 0.631776 0.590625 0.600000 0.590625
0 0.556429 0.507835 0.634989 0.534745 0.570673 0.593207 0.492113 0.566297
0 0.613085 0.518751 0.641122 0.518751 0.641122 0.533334 0.613085 0.533334
0 0.605607 0.489584 0.629907 0.489584 0.629907 0.505209 0.605607 0.505209
0 0.644860 0.503126 0.672897 0.503126 0.672897 0.517709 0.644860 0.517709
0 0.526526 0.448149 0.583070 0.427458 0.622853 0.461309 0.566309 0.482000
3 0.413978 0.762000 0.476591 0.782722 0.437896 0.819126 0.375283 0.798404
3 0.605161 0.755140 0.689458 0.775124 0.655904 0.819194 0.571607 0.799210
3 0.499872 0.489263 0.559209 0.509872 0.527010 0.538737 0.467673 0.518128
