0 0.372981 0.334359 0.439068 0.301000 0.587767 0.392724 0.521680 0.426083
1 0.594080 0.338581 0.671233 0.305273 0.759192 0.368711 0.682039 0.402019
1 0.632741 0.461540 0.754480 0.427000 0.795297 0.471794 0.673558 0.506334
2 0.478015 0.416080 0.569315 0.451976 0.478995 0.523504 0.387695 0.487608
2 0.356465 0.571420 0.450824 0.536404 0.573297 0.639164 0.478938 0.674180
1 0.671651 0.546129 0.768530 0.571063 0.730218 0.617413 0.633339 0.592479
3 0.612903 0.631000 0.765361 0.670171 0.698630 0.751041 0.546172 0.711870
3 0.446730 0.707292 0.506543 0.707292 0.506543 0.763542 0.446730 0.763542
0 0.157203 0.852896 0.216684 0.860271 0.197636 0.908104 0.138155 0.900729
0 0.175627 0.907000 0.200717 0.907000 0.200717 0.920000 0.175627 0.920000
