1 0.473598 0.351819 0.546488 0.352354 0.544941 0.417973 0.472051 0.417438
0 0.603534 0.350779 0.652330 0.319000 0.798336 0.388805 0.749540 0.420584
0 0.600358 0.382000 0.681447 0.411430 0.579082 0.499250 0.497993 0.469820
2 0.727012 0.434395 0.795272 0.464130 0.703203 0.529939 0.634943 0.500204
2 0.552089 0.505915 0.620524 0.569951 0.466603 0.621169 0.398168 0.557133
2 0.644826 0.575828 0.782728 0.525798 0.831810 0.567922 0.693908 0.617952
0 0.639832 0.671500 0.731114 0.615202 0.819519 0.659834 0.728237 0.716132
3 0.527802 0.620505 0.620803 0.657312 0.558180 0.706579 0.465179 0.669772
3 0.284694 0.826846 0.376113 0.811772 0.393041 0.843738 0.301622 0.858812
3 0.265421 0.108333 0.358879 0.108333 0.358879 0.153125 0.265421 0.153125
3 0.379928 0.861000 0.417687 0.876451 0.390681 0.897000 0.352922 0.881549
3 0.612810 0.862931 0.677138 0.871905 0.664968 0.899069 0.600640 0.890095
