2 0.548265 0.225656 0.637309 0.240201 0.595352 0.320178 0.506308 0.305633
2 0.677419 0.231000 0.850658 0.270904 0.785979 0.358334 0.612740 0.318430
3 0.347664 0.305208 0.465420 0.305208 0.465420 0.371876 0.347664 0.371876
0 0.303121 0.479722 0.480287 0.370000 0.549215 0.404654 0.372049 0.514376
1 0.455763 0.499048 0.535406 0.493009 0.547975 0.544618 0.468332 0.550657
2 0.640592 0.414955 0.767648 0.474874 0.703334 0.517337 0.576278 0.457418
3 0.680140 0.354235 0.828425 0.364993 0.815188 0.421807 0.666903 0.411049
3 0.630824 0.547000 0.762836 0.595914 0.670110 0.673834 0.538098 0.624920
3 0.345878 0.600000 0.472605 0.574903 0.517057 0.644792 0.390330 0.669889
3 0.370093 0.692709 0.512149 0.692709 0.512149 0.771875 0.370093 0.771875
3 0.653331 0.718836 0.769464 0.689376 0.807890 0.736540 0.691757 0.766000
3 0.664623 0.830367 0.737326 0.851820 0.710770 0.879841 0.638067 0.858388
