0 0.467827 0.275000 0.531216 0.298065 0.439995 0.437584 0.376606 0.414519
1 0.640751 0.285000 0.698074 0.317165 0.616233 0.398334 0.558910 0.366169
3 0.495754 0.387500 0.579553 0.387500 0.579553 0.443750 0.495754 0.443750
3 0.371509 0.450000 0.488827 0.450000 0.488827 0.507292 0.371509 0.507292
1 0.617716 0.392258 0.712764 0.436075 0.675693 0.480826 0.580645 0.437009
1 0.521670 0.462557 0.584364 0.472901 0.559336 0.557319 0.496642 0.546975
2 0.388785 0.534164 0.443700 0.510000 0.498424 0.579212 0.443509 0.603376
2 0.649755 0.498606 0.735891 0.525266 0.685441 0.615978 0.599305 0.589318
3 0.445531 0.605208 0.527933 0.605208 0.527933 0.659375 0.445531 0.659375
3 0.398045 0.661458 0.501397 0.661458 0.501397 0.727083 0.398045 0.727083
2 0.570603 0.596057 0.741916 0.667478 0.649956 0.790235 0.478643 0.718814
