0 0.334111 0.359981 0.385306 0.329000 0.544394 0.410853 0.493199 0.441834
0 0.673392 0.302221 0.744047 0.324575 0.632532 0.434321 0.561877 0.411967
0 0.641577 0.437000 0.805211 0.495765 0.733045 0.558334 0.569411 0.499569
3 0.642673 0.552465 0.768443 0.562713 0.751719 0.626619 0.625949 0.616371
0 0.584332 0.663085 0.639785 0.634000 0.774546 0.713999 0.719093 0.743084
3 0.383178 0.598959 0.536449 0.598959 0.536449 0.689584 0.383178 0.689584
0 0.358606 0.498634 0.397848 0.473000 0.566628 0.553450 0.527386 0.579084
0 0.578853 0.852000 0.612903 0.852000 0.612903 0.873000 0.578853 0.873000
3 0.403916 0.827292 0.487636 0.794632 0.544112 0.839708 0.460392 0.872368
0 0.611111 0.852000 0.677419 0.852000 0.677419 0.910000 0.611111 0.910000
