2 0.440930 0.464066 0.498580 0.459695 0.502140 0.608344 0.444490 0.612715
3 0.394548 0.314397 0.375662 0.205990 0.444010 0.168291 0.462896 0.276698
2 0.548311 0.613972 0.548608 0.450011 0.649401 0.450589 0.649104 0.614550
2 0.461530 0.197326 0.559856 0.161726 0.581383 0.349974 0.483057 0.385574
0 0.292529 0.613882 0.290932 0.468329 0.385186 0.465054 0.386783 0.610607
2 0.639722 0.451619 0.695185 0.436180 0.707423 0.575370 0.651960 0.590809
0 0.159420 0.455070 0.176367 0.296087 0.319522 0.344401 0.302575 0.503384
0 0.628000 0.166918 0.590409 0.251051 0.466256 0.075421 0.503847 0.000000
3 0.872574 0.440583 0.910000 0.491103 0.775426 0.806748 0.738000 0.756228
2 0.370354 0.285179 0.248463 0.294350 0.241646 0.007483 0.363537 0.000000
