0 0.352538 0.366963 0.424731 0.341000 0.533444 0.435121 0.461251 0.461084
0 0.510622 0.474375 0.611171 0.427658 0.640780 0.447501 0.540231 0.494218
1 0.617405 0.466557 0.733709 0.424781 0.784465 0.468777 0.668161 0.510553
2 0.675683 0.320534 0.733040 0.348537 0.642075 0.406550 0.584718 0.378547
1 0.356444 0.526639 0.427563 0.486268 0.519421 0.536653 0.448302 0.577024
3 0.514019 0.572917 0.611215 0.572917 0.611215 0.629167 0.514019 0.629167
1 0.681441 0.512423 0.788923 0.554056 0.716535 0.612243 0.609053 0.570610
2 0.362030 0.675084 0.475494 0.607201 0.555728 0.648958 0.442264 0.716841
2 0.666210 0.641687 0.753920 0.710549 0.691897 0.735147 0.604187 0.666285
3 0.478358 0.256824 0.554408 0.216691 0.597815 0.242302 0.521765 0.282435
3 0.483871 0.681000 0.530573 0.694324 0.512544 0.714000 0.465842 0.700676
