2 0.702712 0.658480 0.819394 0.675141 0.770558 0.781632 0.653876 0.764971
2 0.383249 0.622014 0.490511 0.645793 0.387551 0.790399 0.280289 0.766620
2 0.332526 0.282762 0.438868 0.247145 0.540903 0.342001 0.434561 0.377618
1 0.621479 0.412852 0.659497 0.358156 0.797003 0.387916 0.758985 0.442612
2 0.475019 0.663810 0.582484 0.643596 0.664945 0.780096 0.557480 0.800310
1 0.520964 0.445118 0.593563 0.434510 0.642235 0.538226 0.569636 0.548834
1 0.389015 0.365925 0.459809 0.390987 0.390400 0.452034 0.319606 0.426972
2 0.570890 0.317560 0.613831 0.251345 0.791177 0.287155 0.748236 0.353370
0 0.536669 0.586265 0.574786 0.545659 0.811703 0.614905 0.773586 0.655511
0 0.738350 0.444560 0.820493 0.466112 0.729941 0.573572 0.647798 0.552020
1 0.344353 0.509593 0.354092 0.475045 0.419641 0.480799 0.409902 0.515347
