3 0.382038 0.279000 0.521139 0.269026 0.530809 0.344084 0.391708 0.354058
0 0.608579 0.270000 0.737235 0.364300 0.623265 0.450834 0.494609 0.356534
2 0.440168 0.383013 0.530384 0.352605 0.593352 0.456571 0.503136 0.486979
0 0.393963 0.370144 0.455889 0.377585 0.424136 0.524648 0.362210 0.517207
2 0.458430 0.478923 0.515761 0.493113 0.488498 0.554411 0.431167 0.540221
2 0.370259 0.555133 0.424281 0.535488 0.467057 0.600951 0.413035 0.620596
1 0.518731 0.518097 0.574786 0.542211 0.523169 0.608987 0.467114 0.584873
1 0.581546 0.453153 0.649403 0.459779 0.640523 0.510389 0.572666 0.503763
1 0.538790 0.492406 0.608909 0.501749 0.602272 0.529470 0.532153 0.520127
0 0.636535 0.443941 0.729924 0.439538 0.739612 0.553893 0.646223 0.558296
3 0.604558 0.526000 0.734393 0.604057 0.595051 0.733042 0.465216 0.654985
3 0.430112 0.622601 0.513471 0.718343 0.434414 0.756649 0.351055 0.660907
3 0.526067 0.705893 0.623207 0.753084 0.598235 0.781691 0.501095 0.734500
2 0.679430 0.657862 0.729401 0.684916 0.647386 0.769222 0.597415 0.742168
