0 0.494624 0.517000 0.553176 0.544619 0.418778 0.633334 0.360226 0.605715
2 0.449490 0.655147 0.542407 0.649544 0.559856 0.739645 0.466939 0.745248
3 0.648278 0.585920 0.781696 0.643095 0.682564 0.715122 0.549146 0.657947
2 0.644055 0.509736 0.781840 0.589183 0.727754 0.618390 0.589969 0.538943
1 0.729069 0.426956 0.788037 0.454786 0.703650 0.510460 0.644682 0.482630
0 0.497847 0.361545 0.564470 0.356269 0.593587 0.470747 0.526964 0.476023
3 0.394084 0.402084 0.476327 0.402084 0.476327 0.457292 0.394084 0.457292
3 0.352962 0.465625 0.423990 0.465625 0.423990 0.509375 0.352962 0.509375
3 0.395877 0.288501 0.508027 0.288501 0.508027 0.359334 0.395877 0.359334
3 0.655258 0.285490 0.761649 0.307000 0.714836 0.379094 0.608445 0.357584
3 0.243728 0.860000 0.290323 0.860000 0.290323 0.888000 0.243728 0.888000
