2 0.304524 0.512599 0.407342 0.476974 0.522617 0.580564 0.419799 0.616189
2 0.573852 0.613834 0.673002 0.581199 0.818032 0.718393 0.718882 0.751028
3 0.296610 0.153283 0.269856 0.110809 0.348461 0.095392 0.375215 0.137866
1 0.607166 0.320173 0.700457 0.285202 0.788407 0.358255 0.695116 0.393226
1 0.730143 0.463954 0.821434 0.484148 0.765860 0.562372 0.674569 0.542178
0 0.299457 0.282743 0.377148 0.245257 0.584717 0.379204 0.507026 0.416690
3 0.311455 0.080670 0.332974 0.045278 0.398716 0.057723 0.377197 0.093115
3 0.254044 0.806795 0.314615 0.827819 0.273959 0.864289 0.213388 0.843265
3 0.201401 0.693997 0.303034 0.748603 0.180235 0.819766 0.078602 0.765160
0 0.164875 0.478000 0.206093 0.478000 0.206093 0.497000 0.164875 0.497000
0 0.127240 0.492000 0.164875 0.492000 0.164875 0.512000 0.127240 0.512000
0 0.168459 0.410000 0.204301 0.410000 0.204301 0.432000 0.168459 0.432000
0 0.148746 0.554000 0.184588 0.554000 0.184588 0.575000 0.148746 0.575000
