0 0.513799 0.275984 0.580533 0.295589 0.485739 0.396058 0.419005 0.376453
2 0.652821 0.324898 0.751838 0.351186 0.687675 0.426436 0.588658 0.400148
1 0.626009 0.450973 0.681591 0.426516 0.759037 0.481319 0.703455 0.505776
2 0.569069 0.537610 0.660363 0.570042 0.582333 0.638432 0.491039 0.606000
2 0.321434 0.510656 0.498486 0.458751 0.562678 0.526928 0.385626 0.578833
3 0.410138 0.614040 0.561933 0.661308 0.485190 0.738044 0.333395 0.690776
0 0.702099 0.629956 0.772968 0.667092 0.699771 0.710586 0.628902 0.673450
3 0.538318 0.126042 0.781308 0.126042 0.781308 0.183334 0.538318 0.183334
3 0.304292 0.835660 0.385382 0.859189 0.349830 0.897340 0.268740 0.873811
3 0.177419 0.845000 0.218638 0.845000 0.218638 0.870000 0.177419 0.870000
