2 0.839192 0.601669 0.804928 0.460141 0.966262 0.334696 1.000000 0.476224
1 0.485731 0.283731 0.562884 0.244336 0.596938 0.458532 0.519785 0.497927
2 0.668301 0.462051 0.622070 0.342688 0.733389 0.204215 0.779620 0.323578
2 0.348487 0.168209 0.408870 0.237608 0.351080 0.399096 0.290697 0.329697
2 0.380608 0.279381 0.408065 0.167196 0.501633 0.240745 0.474176 0.352930
2 0.484379 0.227627 0.439245 0.114752 0.529159 0.000000 0.574293 0.112158
2 0.315263 0.112221 0.371257 0.026718 0.440261 0.171851 0.384267 0.257354
0 0.355109 0.613531 0.361651 0.476386 0.597820 0.512568 0.591278 0.649713
0 0.540759 0.650284 0.575026 0.654093 0.572685 0.721735 0.538418 0.717926
0 0.345155 0.421881 0.367370 0.426122 0.364845 0.468586 0.342630 0.464345
