3 0.852168 0.588278 0.866992 0.515312 0.928149 0.555216 0.913325 0.628182
2 0.625846 0.349615 0.677169 0.428340 0.600753 0.588340 0.549430 0.509615
2 0.671894 0.564457 0.661741 0.434900 0.749867 0.412720 0.760020 0.542277
1 0.658423 0.062310 0.719893 0.124528 0.664205 0.301228 0.602735 0.239010
2 0.671420 0.766257 0.633174 0.656250 0.748427 0.527559 0.786673 0.637566
3 0.878522 0.510854 0.848862 0.349527 0.946633 0.291797 0.976293 0.453124
1 0.587880 0.200103 0.645454 0.278247 0.563940 0.471131 0.506366 0.392987
0 0.375750 0.565745 0.437246 0.485112 0.528798 0.709363 0.467302 0.789996
2 0.823064 0.578756 0.873083 0.628273 0.804813 0.849759 0.754794 0.800242
0 0.409504 0.382080 0.471644 0.306298 0.580347 0.592572 0.518207 0.668354
0 0.517957 0.723867 0.516589 0.665689 0.549458 0.663206 0.550826 0.721384
