3 0.836787 0.257146 0.894400 0.244853 0.910877 0.268896 0.853264 0.281189
3 0.865078 0.496472 0.904283 0.514204 0.871370 0.536862 0.832165 0.519130
3 0.509288 0.488189 0.620918 0.446246 0.678265 0.493769 0.566635 0.535712
3 0.669569 0.485260 0.761168 0.499989 0.737907 0.545031 0.646308 0.530302
3 0.601870 0.521875 0.674767 0.521875 0.674767 0.553125 0.601870 0.553125
2 0.664875 0.320000 0.768417 0.350259 0.703350 0.419584 0.599808 0.389325
2 0.374552 0.361000 0.449180 0.327040 0.524514 0.378585 0.449886 0.412545
2 0.358635 0.595483 0.462529 0.518501 0.531085 0.547309 0.427191 0.624291
2 0.378561 0.682584 0.499963 0.641121 0.544803 0.682000 0.423401 0.723463
2 0.638179 0.640452 0.726879 0.632585 0.746405 0.701133 0.657705 0.709000
