3 0.470712 0.251892 0.541824 0.199723 0.577908 0.355454 0.506796 0.407623
2 0.822174 0.387258 0.924935 0.450683 0.859577 0.785953 0.756816 0.722528
2 0.319577 0.617792 0.331097 0.423417 0.536707 0.461998 0.525187 0.656373
2 0.542142 0.597392 0.625869 0.371210 0.756493 0.524304 0.672766 0.750486
2 0.513054 0.016339 0.479986 0.194397 0.370199 0.129843 0.403267 0.000000
0 0.781918 0.491962 0.704868 0.415888 0.834561 0.000000 0.911611 0.076068
3 0.536779 0.000000 0.568955 0.000000 0.568955 0.286290 0.536779 0.286290
0 0.074236 0.654227 0.068863 0.429883 0.294485 0.412775 0.299858 0.637119
0 0.588087 0.001932 0.680860 0.000141 0.683003 0.351584 0.590230 0.353375
2 0.178705 0.037278 0.413323 0.159465 0.369295 0.427134 0.134677 0.304947
