2 0.693030 0.725345 0.762647 0.649403 0.835573 0.864111 0.765956 0.940053
1 0.531853 0.308238 0.583169 0.373126 0.528334 0.512403 0.477018 0.447515
2 0.500881 0.114219 0.568679 0.199451 0.484709 0.413972 0.416911 0.328740
2 0.508025 0.627016 0.575273 0.728939 0.477784 0.935521 0.410536 0.833598
1 0.467557 0.487652 0.528630 0.488829 0.527934 0.604806 0.466861 0.603629
2 0.815543 0.215497 0.906096 0.236616 0.888839 0.474262 0.798286 0.453143
1 0.558836 0.431760 0.615318 0.381878 0.673559 0.593677 0.617077 0.643559
1 0.641561 0.653061 0.705345 0.660597 0.696722 0.895005 0.632938 0.887469
0 0.683982 0.231023 0.753032 0.257287 0.718934 0.545201 0.649884 0.518937
0 0.518337 0.513859 0.580349 0.483433 0.633463 0.831102 0.571451 0.861528
0 0.700952 0.569427 0.737623 0.482503 0.876021 0.670022 0.839350 0.756946
1 0.666263 0.060721 0.724443 0.115670 0.678124 0.273176 0.619944 0.218227
2 0.572317 0.189789 0.644515 0.236217 0.616139 0.377938 0.543941 0.331510
1 0.707000 0.093190 0.847000 0.093190 0.847000 0.202509 0.707000 0.202509
