2 0.842125 0.603704 0.808562 0.470053 0.959865 0.349753 0.993428 0.483404
2 0.469166 0.217007 0.436148 0.089968 0.545491 0.000000 0.578509 0.127029
2 0.581000 0.612100 0.713921 0.568971 0.726000 0.686833 0.593079 0.729962
2 0.417000 0.658363 0.562118 0.618890 0.573000 0.745552 0.427882 0.785025
0 0.349000 0.498221 0.601000 0.498221 0.601000 0.612099 0.349000 0.612099
1 0.489970 0.266179 0.562000 0.247331 0.581030 0.477593 0.509000 0.496441
2 0.652727 0.293461 0.782360 0.206322 0.815273 0.361343 0.685640 0.448482
2 0.435592 0.176908 0.378861 0.256150 0.313408 0.107789 0.370139 0.028547
2 0.349561 0.172326 0.408095 0.237334 0.351439 0.398848 0.292905 0.333840
2 0.379000 0.286477 0.402533 0.171325 0.498000 0.233096 0.474467 0.348248
