0 0.463029 0.317608 0.527421 0.344839 0.404261 0.435518 0.339869 0.408287
3 0.565371 0.295315 0.704946 0.314908 0.677619 0.375519 0.538044 0.355926
2 0.642627 0.378503 0.771447 0.432298 0.665785 0.511081 0.536965 0.457286
1 0.482733 0.406743 0.539935 0.440183 0.448109 0.489091 0.390907 0.455651
2 0.444614 0.497501 0.521505 0.456000 0.651658 0.531083 0.574767 0.572584
2 0.645764 0.538256 0.736134 0.577148 0.586783 0.685202 0.496413 0.646310
3 0.458075 0.543031 0.539921 0.538531 0.551271 0.602803 0.469425 0.607303
3 0.366355 0.634375 0.482243 0.634375 0.482243 0.700001 0.366355 0.700001
2 0.349962 0.528194 0.450396 0.505419 0.491160 0.561390 0.390726 0.584165
3 0.264632 0.854653 0.341664 0.882101 0.307052 0.912347 0.230020 0.884899
