0 0.355631 0.326694 0.424005 0.290833 0.575211 0.380598 0.506837 0.416459
1 0.640341 0.295265 0.748455 0.332557 0.708884 0.368277 0.600770 0.330985
1 0.661371 0.408722 0.747267 0.404130 0.760442 0.480862 0.674546 0.485454
2 0.633379 0.505949 0.770241 0.569368 0.698099 0.617843 0.561237 0.554424
2 0.365808 0.481758 0.453309 0.459116 0.514566 0.532826 0.427065 0.555468
2 0.487222 0.589436 0.558718 0.619042 0.434120 0.712730 0.362624 0.683124
3 0.627652 0.659458 0.767839 0.659458 0.767839 0.737583 0.627652 0.737583
3 0.172740 0.817114 0.254620 0.838699 0.224158 0.874678 0.142278 0.853093
0 0.297491 0.858000 0.322581 0.858000 0.322581 0.874000 0.297491 0.874000
3 0.336918 0.874000 0.374552 0.874000 0.374552 0.896000 0.336918 0.896000
