1 0.632436 0.304742 0.716033 0.312769 0.694822 0.381550 0.611225 0.373523
0 0.433889 0.341086 0.515930 0.337870 0.526396 0.420998 0.444355 0.424214
2 0.573781 0.468789 0.668459 0.398000 0.783229 0.445795 0.688551 0.516584
2 0.611375 0.559231 0.670251 0.535000 0.754981 0.599103 0.696105 0.623334
2 0.354743 0.550650 0.431063 0.511156 0.528752 0.569934 0.452432 0.609428
3 0.523365 0.673958 0.642991 0.673958 0.642991 0.746875 0.523365 0.746875
3 0.128973 0.702084 0.188785 0.702084 0.188785 0.737501 0.128973 0.737501
3 0.023463 0.729451 0.139785 0.706000 0.176076 0.762049 0.059754 0.785500
3 0.149533 0.747917 0.211215 0.747917 0.211215 0.786459 0.149533 0.786459
0 0.162771 0.785334 0.196416 0.785334 0.196416 0.800959 0.162771 0.800959
