1 0.387561 0.289719 0.480744 0.266334 0.545189 0.346292 0.452006 0.369677
1 0.266675 0.773992 0.284698 0.719462 0.434876 0.734917 0.416853 0.789447
2 0.335324 0.448480 0.439662 0.409274 0.550227 0.500891 0.445889 0.540097
1 0.597359 0.360678 0.650911 0.328518 0.795103 0.403278 0.741551 0.435438
1 0.503543 0.395031 0.582681 0.392823 0.590422 0.479206 0.511284 0.481414
0 0.323278 0.684551 0.270811 0.635390 0.561375 0.538835 0.613842 0.587996
3 0.270723 0.495833 0.364392 0.468131 0.422741 0.529562 0.329072 0.557264
3 0.786365 0.656472 0.810803 0.593308 0.917736 0.606190 0.893298 0.669354
1 0.843973 0.548390 0.845368 0.514727 0.906010 0.515510 0.904615 0.549173
3 0.439680 0.829036 0.483203 0.792951 0.542451 0.815201 0.498928 0.851286
2 0.657780 0.617255 0.787748 0.632888 0.740518 0.755147 0.610550 0.739514
