2 0.368243 0.324895 0.461060 0.307753 0.519299 0.405939 0.426482 0.423081
1 0.654121 0.319000 0.733360 0.334864 0.685450 0.409376 0.606211 0.393512
3 0.684112 0.427083 0.775701 0.427083 0.775701 0.475000 0.684112 0.475000
3 0.334195 0.447917 0.451951 0.447917 0.451951 0.503125 0.334195 0.503125
2 0.351876 0.580093 0.458781 0.517000 0.522736 0.550741 0.415831 0.613834
0 0.535767 0.486589 0.598566 0.451000 0.759561 0.539453 0.696762 0.575042
2 0.550318 0.612146 0.650424 0.581898 0.743140 0.677438 0.643034 0.707686
2 0.452266 0.646325 0.574969 0.697576 0.519389 0.739009 0.396686 0.687758
3 0.149395 0.806321 0.205759 0.789940 0.239391 0.825971 0.183027 0.842352
3 0.290510 0.844940 0.354563 0.829335 0.370780 0.850060 0.306727 0.865665
