1 0.458916 0.310553 0.514407 0.339536 0.428934 0.390489 0.373443 0.361506
3 0.627192 0.248221 0.799392 0.304981 0.727795 0.372613 0.555595 0.315853
0 0.610925 0.384703 0.791857 0.434659 0.757299 0.473631 0.576367 0.423675
2 0.486560 0.478637 0.588902 0.462109 0.628864 0.539155 0.526522 0.555683
2 0.338101 0.435121 0.459740 0.469570 0.377787 0.559671 0.256148 0.525222
2 0.447236 0.627788 0.528122 0.662641 0.431268 0.732628 0.350382 0.697775
3 0.504442 0.575000 0.637152 0.575000 0.637152 0.637500 0.504442 0.637500
3 0.671680 0.531501 0.823383 0.582998 0.761964 0.639333 0.610261 0.587836
2 0.596202 0.697357 0.673567 0.660417 0.813144 0.751435 0.735779 0.788375
2 0.876591 0.591141 1.000000 0.630073 0.951288 0.678151 0.827879 0.639219
0 0.833645 0.654166 0.900935 0.654166 0.900935 0.699999 0.833645 0.699999
0 0.891588 0.701042 0.925234 0.701042 0.925234 0.718750 0.891588 0.718750
