1 0.493251 0.434299 0.587531 0.426437 0.599743 0.472035 0.505463 0.479897
1 0.642505 0.352411 0.743398 0.395546 0.692075 0.432923 0.591182 0.389788
2 0.693284 0.446732 0.758994 0.476838 0.661856 0.542852 0.596146 0.512746
2 0.473390 0.478068 0.559327 0.562384 0.459783 0.593974 0.373846 0.509658
2 0.483729 0.592333 0.544164 0.621798 0.437304 0.690043 0.376869 0.660578
3 0.616429 0.592052 0.795354 0.599627 0.785441 0.672532 0.606516 0.664957
3 0.069769 0.717426 0.140606 0.725837 0.113409 0.797158 0.042572 0.788747
0 0.089720 0.704167 0.115888 0.704167 0.115888 0.718750 0.089720 0.718750
0 0.123364 0.762500 0.157009 0.762500 0.157009 0.783333 0.123364 0.783333
0 0.516979 0.323228 0.565967 0.344553 0.432842 0.439772 0.383854 0.418447
