1 0.393802 0.353079 0.470452 0.341363 0.507442 0.416713 0.430792 0.428429
1 0.670863 0.346200 0.733139 0.383317 0.644561 0.429592 0.582285 0.392475
1 0.523365 0.442709 0.607477 0.442709 0.607477 0.514583 0.523365 0.514583
1 0.346960 0.496877 0.420526 0.468992 0.488708 0.524999 0.415142 0.552884
1 0.490044 0.574963 0.546528 0.609775 0.448274 0.659413 0.391790 0.624601
3 0.627728 0.655250 0.709972 0.655250 0.709972 0.702125 0.627728 0.702125
1 0.700090 0.533381 0.756544 0.573395 0.670004 0.611411 0.613550 0.571397
3 0.084223 0.895631 0.127727 0.842634 0.240150 0.871369 0.196646 0.924366
0 0.053763 0.908000 0.100358 0.908000 0.100358 0.929000 0.053763 0.929000
0 0.195341 0.914000 0.225806 0.914000 0.225806 0.929000 0.195341 0.929000
