0 0.244489 0.054326 0.325156 0.045382 0.360810 0.145508 0.280143 0.154452
3 0.153348 0.067000 0.235591 0.067000 0.235591 0.110084 0.153348 0.110084
1 0.677236 0.081146 0.750840 0.088473 0.728218 0.159230 0.654614 0.151903
2 0.547892 0.212462 0.657925 0.216579 0.646810 0.309080 0.536777 0.304963
1 0.437383 0.296876 0.528972 0.296876 0.528972 0.373959 0.437383 0.373959
0 0.440861 0.229003 0.498207 0.260999 0.342163 0.348080 0.284817 0.316084
1 0.341825 0.356250 0.422199 0.356250 0.422199 0.418750 0.341825 0.418750
2 0.706093 0.341000 0.799762 0.354048 0.761197 0.440250 0.667528 0.427202
2 0.704301 0.235000 0.818674 0.269445 0.762681 0.327334 0.648308 0.292889
3 0.568224 0.309375 0.682244 0.309375 0.682244 0.360417 0.568224 0.360417
