3 0.487363 0.251537 0.583110 0.298000 0.536381 0.351589 0.440634 0.305126
1 0.637060 0.277885 0.688966 0.296859 0.642270 0.367950 0.590364 0.348976
3 0.434971 0.354194 0.476824 0.340679 0.524527 0.422890 0.482674 0.436405
2 0.370628 0.465590 0.436738 0.454784 0.461325 0.538494 0.395215 0.549300
2 0.589683 0.499108 0.667560 0.423000 0.762273 0.476934 0.684396 0.553042
3 0.621387 0.374085 0.730942 0.349190 0.752914 0.402999 0.643359 0.427894
2 0.576319 0.575683 0.621885 0.539344 0.719772 0.607651 0.674206 0.643990
1 0.483180 0.550811 0.552046 0.537240 0.576653 0.606732 0.507787 0.620303
3 0.414572 0.583477 0.603217 0.665000 0.513252 0.780856 0.324607 0.699333
3 0.646449 0.636003 0.729906 0.648778 0.709698 0.722247 0.626241 0.709472
3 0.582318 0.717734 0.672756 0.707168 0.685391 0.767350 0.594953 0.777916
0 0.526172 0.419051 0.585264 0.429524 0.550083 0.539991 0.490991 0.529518
0 0.528364 0.356577 0.569705 0.340000 0.635156 0.430839 0.593815 0.447416
0 0.355883 0.346741 0.449985 0.332578 0.467691 0.398051 0.373589 0.412214
