2 0.684229 0.542513 0.671534 0.302408 0.831826 0.275575 0.844521 0.515680
3 0.453039 0.347216 0.490857 0.217974 0.569897 0.291201 0.532079 0.420443
2 0.730295 0.739084 0.771783 0.596973 0.968954 0.779221 0.927466 0.921332
2 0.504764 0.691266 0.492166 0.467957 0.627693 0.443749 0.640291 0.667058
0 0.380862 0.222241 0.478686 0.272425 0.394851 0.789839 0.297027 0.739655
3 0.582574 0.255034 0.552040 0.265662 0.524174 0.012192 0.554708 0.001564
0 0.847937 0.244222 0.940769 0.169933 1.000000 0.503010 0.932124 0.577299
3 0.843853 0.019386 0.912667 0.000426 0.924072 0.131481 0.855258 0.150441
0 0.707219 0.338490 0.630466 0.266988 0.710234 0.000000 0.786987 0.067386
2 0.504320 0.220256 0.431922 0.208672 0.442502 0.000000 0.514900 0.010889
