2 0.313961 0.214094 0.406879 0.060768 0.526292 0.289888 0.433374 0.443214
2 0.333379 0.641385 0.294525 0.547833 0.368787 0.450183 0.407641 0.543735
2 0.476968 0.646068 0.453325 0.559077 0.575359 0.454065 0.599002 0.541056
0 0.479569 0.005477 0.548775 0.000293 0.556473 0.325686 0.487267 0.330870
0 0.600152 0.477944 0.671759 0.420512 0.763097 0.781073 0.691490 0.838505
2 0.715207 0.574642 0.743210 0.375787 0.854103 0.425229 0.826100 0.624084
2 0.646131 0.188040 0.588380 0.073635 0.637535 0.000000 0.695286 0.109478
0 0.754022 0.045874 0.809369 0.141749 0.637126 0.456564 0.581779 0.360689
3 0.269099 0.091670 0.293722 0.091250 0.295671 0.453052 0.271048 0.453472
3 0.875730 0.444487 0.915401 0.502331 0.771270 0.815299 0.731599 0.757455
