0 0.371618 0.314580 0.538535 0.388488 0.486962 0.424754 0.320045 0.350846
3 0.609028 0.257284 0.719100 0.273879 0.689884 0.334216 0.579812 0.317621
1 0.581301 0.397085 0.696303 0.337261 0.762625 0.376957 0.647623 0.436781
2 0.366948 0.487738 0.429729 0.445803 0.534315 0.494554 0.471534 0.536489
2 0.620441 0.553726 0.696746 0.494417 0.758382 0.519108 0.682077 0.578417
2 0.422939 0.572000 0.559879 0.630810 0.457435 0.705084 0.320495 0.646274
1 0.582141 0.673305 0.682338 0.642943 0.739355 0.701529 0.639158 0.731891
3 0.086133 0.792334 0.143142 0.776809 0.177419 0.816000 0.120410 0.831525
3 0.197312 0.831730 0.274194 0.853000 0.237412 0.894396 0.160530 0.873126
3 0.280971 0.897655 0.335738 0.853592 0.435875 0.892345 0.381108 0.936408
