0 0.342049 0.313035 0.405018 0.288000 0.532717 0.388007 0.469748 0.413042
1 0.517996 0.266033 0.618736 0.269527 0.610514 0.343343 0.509774 0.339849
2 0.638583 0.327000 0.761362 0.370871 0.714689 0.411542 0.591910 0.367671
2 0.427539 0.414472 0.535842 0.462000 0.482126 0.500112 0.373823 0.452584
1 0.632616 0.466000 0.727824 0.466000 0.727824 0.520542 0.632616 0.520542
1 0.574599 0.543034 0.642487 0.573403 0.537397 0.646550 0.469509 0.616181
2 0.421706 0.506972 0.508245 0.533915 0.441846 0.600320 0.355307 0.573377
3 0.677073 0.532751 0.795896 0.565730 0.742544 0.625583 0.623721 0.592604
3 0.367916 0.633250 0.508103 0.633250 0.508103 0.729083 0.367916 0.729083
2 0.559477 0.704830 0.664152 0.627388 0.773233 0.673296 0.668558 0.750738
1 0.050179 0.883000 0.155914 0.883000 0.155914 0.927000 0.050179 0.927000
