1 0.590991 0.670763 0.651086 0.634694 0.768872 0.695797 0.708777 0.731866
1 0.680345 0.501141 0.774899 0.523665 0.720679 0.594535 0.626125 0.572011
1 0.450638 0.603037 0.548660 0.634266 0.455468 0.725345 0.357446 0.694116
2 0.473098 0.270140 0.576427 0.320758 0.447202 0.402894 0.343873 0.352276
1 0.382342 0.505448 0.553459 0.455424 0.603678 0.508911 0.432561 0.558935
0 0.511276 0.399524 0.745489 0.314752 0.800756 0.362296 0.566543 0.447068
3 0.419673 0.040399 0.548143 0.000000 0.606620 0.057901 0.478150 0.098300
0 0.677897 0.441263 0.681812 0.412754 0.726934 0.414683 0.723019 0.443192
0 0.650538 0.471000 0.682796 0.471000 0.682796 0.488000 0.650538 0.488000
0 0.510753 0.571000 0.551971 0.571000 0.551971 0.588000 0.510753 0.588000
