3 0.540988 0.345567 0.626444 0.371812 0.595460 0.403225 0.510004 0.376980
3 0.654122 0.405000 0.732594 0.430882 0.687934 0.473042 0.609462 0.447160
3 0.645930 0.510262 0.704301 0.503000 0.714818 0.529322 0.656447 0.536584
3 0.387403 0.550375 0.472696 0.522458 0.515401 0.563083 0.430108 0.591000
3 0.489720 0.494792 0.534580 0.494792 0.534580 0.513542 0.489720 0.513542
0 0.419854 0.378757 0.550082 0.439645 0.512395 0.464743 0.382167 0.403855
0 0.671275 0.536414 0.772401 0.603000 0.646483 0.662544 0.545357 0.595958
0 0.409518 0.649356 0.451613 0.628000 0.590482 0.713228 0.548387 0.734584
3 0.100935 0.723959 0.142056 0.723959 0.142056 0.747917 0.100935 0.747917
1 0.623656 0.875000 0.672043 0.875000 0.672043 0.903000 0.623656 0.903000
3 0.234631 0.833549 0.297491 0.811000 0.340638 0.848451 0.277778 0.871000
