2 0.384455 0.353449 0.454479 0.324458 0.523801 0.376592 0.453777 0.405583
2 0.560932 0.304000 0.649178 0.299513 0.659322 0.361627 0.571076 0.366114
2 0.720493 0.369995 0.789297 0.406710 0.651468 0.487132 0.582664 0.450417
3 0.669415 0.535943 0.770226 0.516707 0.794137 0.555723 0.693326 0.574959
3 0.391778 0.506986 0.509194 0.524406 0.477535 0.590847 0.360119 0.573427
3 0.445826 0.599236 0.588725 0.644883 0.490316 0.740805 0.347417 0.695158
3 0.545795 0.558334 0.633645 0.558334 0.633645 0.605209 0.545795 0.605209
0 0.722741 0.620839 0.789718 0.647689 0.666045 0.743746 0.599068 0.716896
3 0.129399 0.767233 0.193233 0.744589 0.243661 0.788852 0.179827 0.811496
3 0.633152 0.839144 0.722860 0.866408 0.669715 0.920856 0.580007 0.893592
