0 0.329834 0.338848 0.390190 0.305406 0.554124 0.397528 0.493768 0.430970
1 0.526565 0.276101 0.608726 0.278145 0.602407 0.357233 0.520246 0.355189
1 0.604038 0.337071 0.694550 0.307735 0.730232 0.342013 0.639720 0.371349
3 0.664679 0.270075 0.794126 0.286394 0.772705 0.339301 0.643258 0.322982
2 0.638352 0.393671 0.768057 0.423350 0.705728 0.508163 0.576023 0.478484
2 0.333333 0.507000 0.461764 0.465692 0.537233 0.538750 0.408802 0.580058
2 0.571894 0.605983 0.720383 0.528143 0.794462 0.572143 0.645973 0.649983
3 0.382644 0.586067 0.517558 0.638572 0.428570 0.709767 0.293656 0.657262
3 0.435174 0.647356 0.577514 0.679076 0.536788 0.735978 0.394448 0.704258
3 0.525234 0.666666 0.691589 0.666666 0.691589 0.775000 0.525234 0.775000
3 0.446729 0.700001 0.504673 0.700001 0.504673 0.745834 0.446729 0.745834
0 0.441044 0.834292 0.485904 0.834292 0.485904 0.853042 0.441044 0.853042
3 0.548149 0.815695 0.687582 0.862390 0.656842 0.890971 0.517409 0.844276
