1 0.389234 0.358556 0.473274 0.331823 0.549085 0.406029 0.465045 0.432762
1 0.698488 0.327278 0.775036 0.355670 0.690298 0.426805 0.613750 0.398413
1 0.512544 0.435000 0.555283 0.441982 0.543840 0.463792 0.501101 0.456810
0 0.411138 0.460459 0.455998 0.460459 0.455998 0.484417 0.411138 0.484417
1 0.409630 0.494164 0.506270 0.531709 0.462958 0.566421 0.366318 0.528876
1 0.671834 0.526630 0.766230 0.574430 0.664614 0.636913 0.570218 0.589113
1 0.633645 0.466667 0.753271 0.466667 0.753271 0.511459 0.633645 0.511459
1 0.504751 0.593750 0.555218 0.593750 0.555218 0.620834 0.504751 0.620834
1 0.581639 0.660668 0.620520 0.675131 0.593599 0.697665 0.554718 0.683202
1 0.348041 0.629647 0.417279 0.590367 0.511772 0.642229 0.442534 0.681509
3 0.684588 0.869000 0.783170 0.899051 0.740143 0.943000 0.641561 0.912949
