2 0.500155 0.214476 0.577060 0.238367 0.561190 0.402439 0.484285 0.378548
2 0.367373 0.345781 0.424570 0.395603 0.381834 0.553174 0.324637 0.503352
2 0.533701 0.606585 0.608576 0.518842 0.699896 0.769119 0.625021 0.856862
2 0.323306 0.358152 0.322391 0.210073 0.408823 0.208357 0.409738 0.356436
0 0.449043 0.350664 0.518066 0.396896 0.440061 0.770923 0.371038 0.724691
2 0.680103 0.757190 0.765672 0.713524 0.800623 0.933494 0.715054 0.977160
2 0.708606 0.230009 0.696036 0.084884 0.813827 0.052116 0.826397 0.197241
2 0.432485 0.327978 0.402411 0.231000 0.504438 0.129383 0.534512 0.226361
2 0.431205 0.941904 0.394704 0.776538 0.551759 0.665201 0.588260 0.830567
0 0.574437 0.357305 0.647518 0.282891 0.767272 0.660611 0.694191 0.735025
2 0.762449 0.558258 0.851386 0.536553 0.871400 0.799946 0.782463 0.821651
1 0.528728 0.387355 0.591059 0.442988 0.533475 0.650199 0.471144 0.594566
0 0.714997 0.349505 0.742385 0.342362 0.746847 0.397302 0.719459 0.404445
0 0.707695 0.288736 0.733056 0.287298 0.733900 0.335113 0.708539 0.336551
1 0.826100 0.385569 0.924998 0.327348 0.979076 0.622378 0.880178 0.680599
0 0.697666 0.225867 0.719792 0.227687 0.718797 0.266531 0.696671 0.264711
0 0.744638 0.401530 0.750189 0.358264 0.776002 0.368901 0.770451 0.412167
