0 0.403846 0.371081 0.462880 0.350135 0.555032 0.431003 0.495998 0.451949
1 0.622944 0.346039 0.687325 0.365617 0.636407 0.417753 0.572026 0.398175
2 0.632230 0.424683 0.691931 0.458802 0.610452 0.503193 0.550751 0.469074
1 0.390751 0.483252 0.453570 0.460459 0.528875 0.525082 0.466056 0.547875
2 0.630166 0.510923 0.715704 0.506055 0.726690 0.566161 0.641152 0.571029
3 0.566047 0.565000 0.635206 0.565000 0.635206 0.599584 0.566047 0.599584
2 0.495375 0.574110 0.551464 0.589733 0.493101 0.654974 0.437012 0.639351
0 0.592551 0.640052 0.670777 0.605533 0.740159 0.654490 0.661933 0.689009
3 0.550326 0.752760 0.602171 0.768285 0.541263 0.831616 0.489418 0.816091
3 0.392492 0.778946 0.440860 0.762000 0.474491 0.791888 0.426123 0.808834
