0 0.493987 0.348013 0.556650 0.376193 0.412094 0.476279 0.349431 0.448099
3 0.569400 0.366625 0.640428 0.366625 0.640428 0.405167 0.569400 0.405167
3 0.505299 0.444420 0.614621 0.462493 0.580683 0.526414 0.471361 0.508341
3 0.531220 0.527302 0.623525 0.544288 0.593707 0.594740 0.501402 0.577754
1 0.375822 0.500033 0.471511 0.509545 0.446301 0.588509 0.350612 0.578997
2 0.470044 0.586059 0.568100 0.635000 0.468274 0.697275 0.370218 0.648334
3 0.607091 0.622000 0.711764 0.622000 0.711764 0.673750 0.607091 0.673750
2 0.611721 0.551191 0.684598 0.516153 0.769896 0.571393 0.697019 0.606431
1 0.602945 0.489345 0.720666 0.446870 0.763101 0.483489 0.645380 0.525964
2 0.667353 0.381097 0.713635 0.407516 0.620189 0.458487 0.573907 0.432068
3 0.330969 0.813874 0.510524 0.816584 0.507512 0.878710 0.327957 0.876000
3 0.244859 0.783333 0.291589 0.783333 0.291589 0.821875 0.244859 0.821875
