3 0.466535 0.286596 0.537590 0.213363 0.584012 0.355970 0.512957 0.429203
2 0.191331 0.580980 0.138108 0.412328 0.303117 0.247457 0.356340 0.416109
2 0.680470 0.535487 0.674891 0.293917 0.835769 0.282153 0.841348 0.523723
3 0.524542 0.009364 0.554840 0.000000 0.579584 0.253488 0.549286 0.262852
0 0.848340 0.231133 0.938879 0.170683 1.000000 0.525161 0.923092 0.585611
0 0.708528 0.335848 0.631871 0.258756 0.714425 0.000000 0.791082 0.075948
3 0.842958 0.020712 0.912227 0.000656 0.924677 0.136806 0.855408 0.156862
2 0.393343 0.110605 0.394088 0.005141 0.490543 0.007299 0.489798 0.112763
2 0.553311 0.090849 0.560111 0.000000 0.626517 0.015711 0.619717 0.106582
0 0.322297 0.783854 0.323894 0.599013 0.641883 0.607711 0.640286 0.792552
