2 0.559089 0.683568 0.663556 0.636585 0.803638 0.733566 0.699171 0.780549
2 0.605278 0.308781 0.735134 0.280054 0.822141 0.402514 0.692285 0.431241
1 0.506347 0.608166 0.607868 0.556420 0.686426 0.604408 0.584905 0.656154
0 0.365291 0.364022 0.428867 0.324145 0.641953 0.429922 0.578377 0.469799
2 0.725743 0.475357 0.828539 0.503254 0.743125 0.601252 0.640329 0.573355
2 0.383406 0.381608 0.488607 0.426053 0.397779 0.492993 0.292578 0.448548
3 0.422690 0.099869 0.466255 0.042346 0.610880 0.076451 0.567315 0.133974
1 0.553383 0.449239 0.646152 0.492963 0.527409 0.571407 0.434640 0.527683
0 0.297545 0.605181 0.392360 0.569956 0.577247 0.724910 0.482432 0.760135
2 0.279298 0.053797 0.379657 0.046534 0.400949 0.138138 0.300590 0.145401
